30:
40:40,50,60,70,80,90,100,110,120,130,140,150,160,170,180,190,200,210,220,230,240,250,260,270,280,290,300,310,320,330,340,350,360,370,380,390,400,410,420,430,440,450,460,470,480,490,500,510,520,530,540,550,560,570,580,590,600,610,620,630,640,650,660,670,680,690,700,710,720
50:40,140,260,340,440,540,600,720
60:40,140,260,340,440,540,600,720
70:40,50,60,70,80,90,100,110,120,130,140,150,160,170,180,190,200,210,220,230,240,250,260,270,280,290,300,310,320,330,340,350,360,370,380,390,400,410,420,430,440,450,460,470,480,490,500,510,520,530,540,550,560,570,580,590,600,610,620,630,640,650,660,670,680,690,700,710,720
80:40,140,210,260,340,440,540,600,720
90:40,140,210,260,340,440,540,600,720
100:40,140,210,260,340,440,540,600,720
110:40,140,210,260,340,440,540,600,720
120:40,140,210,260,340,440,540,600,720
130:40,140,210,260,340,440,540,600,720
140:40,140,210,260,340,440,540,600,720
150:40,50,60,70,80,90,100,110,120,130,140,150,160,170,180,190,200,210,220,230,240,250,260,270,280,290,300,310,320,330,340,350,360,370,380,390,400,410,420,430,440,450,460,470,480,490,500,510,520,530,540,550,560,570,580,590,600,610,620,630,640,650,660,670,680,690,700,710,720
160:40,140,210,260,340,440,720
170:40,140,210,260,340,440,720
180:40,140,210,260,340,440,720
190:40,140,210,260,340,440,720
200:40,140,210,260,340,440,720
210:40,140,210,260,340,440,720
220:40,140,210,260,340,440,720
230:40,50,60,70,80,90,100,110,120,130,140,150,160,170,180,190,200,210,220,230,240,250,260,270,280,290,300,310,320,330,340,350,360,370,380,390,400,410,420,430,440,720
240:40,140,210,260,340,440,720
250:40,140,210,260,340,440,720
260:40,140,210,260,340,440,720
270:40,140,210,260,340,440,720
280:40,140,210,260,340,410,420,430,440,720
290:40,140,210,260,340,410,440,720
300:40,140,210,260,340,410,440,720
310:40,140,210,260,340,410,440,720
320:40,140,210,260,340,410,440,720
330:40,50,60,70,80,90,100,110,120,130,140,150,160,170,180,190,200,210,220,230,240,250,260,340,350,360,370,380,390,400,410,420,430,440,720
340:40,260,340,440,720
350:40,260,340,440,600,610,620,630,640,650,660,670,680,690,700,710,720
360:40,260,270,280,290,300,310,320,330,340,350,360,370,380,390,400,410,420,430,440,600,720
370:40,260,600,720
380:40,260,600,720
390:40,260,600,720
400:40,260,600,720
410:40,260,600,720
420:40,260,600,720
430:40,260,600,720
440:40,260,600,720
450:40,260,600,720
460:40,260,600,720
470:40,260,600,720
480:40,260,600,720
490:40,260,600,610,620,630,640,650,660,670,680,690,700,710,720
500:40,260,720
510:40,260,720
520:40,260,720
530:40,190,200,210,220,230,240,250,260,720
540:40,190,260,720
550:40,190,260,720
560:40,190,260,720
570:40,190,260,720
580:40,50,60,70,80,90,100,110,120,130,140,150,160,170,180,190,200,210,220,230,240,250,260,270,280,290,300,310,320,330,340,560,570,580,590,600,610,620,630,640,650,660,670,680,690,700,710,720
590:40,120,140,190,260,340,560,720
600:40,120,140,190,260,340,560,720
610:40,120,140,190,260,340,560,720
620:40,120,140,190,260,340,560,720
630:40,120,140,190,260,340,560,720
640:40,50,60,70,80,90,100,110,120,130,140,150,160,170,180,190,200,210,220,230,240,250,260,270,280,290,300,310,320,330,340,350,360,370,380,390,400,410,420,430,440,450,460,470,480,490,500,510,520,530,540,550,560,570,580,590,600,610,620,630,640,650,660,670,680,690,700,710,720
650:40,120,140,190,260,340,410,470,560
660:40,120,140,190,260,340,410,470,560
670:40,120,140,190,260,340,410,470,560
680:40,120,140,190,260,340,410,470,560
690:40,50,60,70,80,90,100,110,120,130,140,150,160,170,180,190,200,210,220,230,240,250,260,270,280,290,300,310,320,330,340,350,360,370,380,390,400,410,420,430,440,450,460,470,480,490,500,510,520,530,540,550,560
700:40,120,140,190,260,340,410,470,560
710:40,120,140,190,260,340,410,470,560
720:40,120,140,190,260,340,410,470,560
730:40,120,140,190,260,340,410,470,560
740:40,120,140,190,260,340,410,470,560
750:40,50,60,70,80,90,100,110,120,130,140,150,160,170,180,190,200,210,220,230,240,250,260,270,280,290,300,310,320,330,340,350,360,370,380,390,400,410,420,430,440,450,460,470,480,490,500,510,520,530,540,550,560
760:
